P0: 7.183351000000e+02 0.000000000000e+00 6.003891000000e+02 0.000000000000e+00 0.000000000000e+00 7.183351000000e+02 1.815122000000e+02 0.000000000000e+00 0.000000000000e+00 0.000000000000e+00 1.000000000000e+00 0.000000000000e+00
P1: 7.183351000000e+02 0.000000000000e+00 6.003891000000e+02 -3.858846000000e+02 0.000000000000e+00 7.183351000000e+02 1.815122000000e+02 0.000000000000e+00 0.000000000000e+00 0.000000000000e+00 1.000000000000e+00 0.000000000000e+00
P2: 7.183351000000e+02 0.000000000000e+00 6.003891000000e+02 4.450382000000e+01 0.000000000000e+00 7.183351000000e+02 1.815122000000e+02 -5.951107000000e-01 0.000000000000e+00 0.000000000000e+00 1.000000000000e+00 2.616315000000e-03
P3: 7.183351000000e+02 0.000000000000e+00 6.003891000000e+02 -3.363147000000e+02 0.000000000000e+00 7.183351000000e+02 1.815122000000e+02 3.159867000000e+00 0.000000000000e+00 0.000000000000e+00 1.000000000000e+00 5.323834000000e-03

